0.229104
0.399351
0.102119
0.492798
0.122051
0.141545
0.164985
0.0705174
0.154136
0.0637944
0.224104
14.1392
20.9398
34.3806
31.9887
37.328
13.4791
19.5261
20.1387
16.3607
26.8604
1.93815
32.7794
16.6004
44.5542
14.1605
22.1863
15.4404
3.13041
2.12022
8.27075
3.9032
11.9085
35.4344
27.4078
5.32736
5.49951
1.86853
1.42613
1.70021
0.640466
39.1353
2.50559
6.61784
11.2631
13.4854
13.5425
6.15788
31.1869
22.0434
19.7491
13.6367
18.4635
29.2523
34.9199
13.5463
6.05704
12.2496
1.70948
14.7497
36.1552
1.02263
10.6527
13.0249
10.1441
15.212
2.42378
5.78711
14.3287
21.8901
16.1744
8.86871
21.9318
0.377
27.3103
33.8312
20.7841
10.0305
29.4112
13.3499
9.68836
6.03651
13.221
7.35619
19.6064
9.86995
29.22
15.0623
13.9879
18.7236
6.01617
15.0592
38.901
22.0355
9.79451
14.0267
12.6483
4.39178
15.1353
13.2236
28.0926
9.57293
17.6458
34.0272
19.546
21.6506
8.45362
7.21974
18.9946
14.1626
15.6331
31.1988
21.2948
7.69866
18.1486
25.4215
15.55
2.22201
16.6526
7.06145
9.9753
4.66382
11.6641
10.4568
5.75987
3.83154
7.07095
33.3067
6.80066
23.4507
10.6133
5.91555
2.95683
29.8029
16.3638
12.9209
19.7745
17.5799
3.88043
20.228
8.44145
20.9264
27.5067
21.4603
30.2574
7.83116
17.2036
22.4323
22.4048
9.97367
14.8765
18.8311
29.1544
17.7792
11.4661
4.11069
3.63161
11.7931
15.9121
21.7931
8.96807
16.437
21.0072
16.1624
19.0212
14.6111
12.031
14.4372
32.3038
28.5624
23.2377
21.1919
30.6606
9.62859
4.1171
30.0137
21.5117
10.4209
26.4525
2.20702
16.8994
1.96148
10.3884
14.4623
14.1184
27.7951
27.2222
24.3746
9.74377
13.0659
34.1919
13.1956
17.6753
31.4906
24.3907
10.9466
3.05363
1.38133
5.50841
13.2729
8.72758
3.32145
7.05308
14.0009
13.4511
16.5975
17.1036
16.3445
13.9791
12.5219
7.43903
24.3537
4.93247
13.5245
18.8804
5.13369
4.43493
18.1179
7.44204
20.25
2.37433
1.70391
16.6408
18.9247
12.0122
6.78984
0.605957
3.79846
8.30708
11.2846
31.0347
18.0756
15.0246
7.38287
24.5529
15.935
3.79802
17.4458
14.8165
7.83154
27.3229
19.3459
11.7461
4.14008
14.4597
13.1704
17.1578
15.7273
15.2374
7.45656
1.22232
4.45893
2.03684
7.38218
4.60346
16.4154
5.25848
35.3349
25.3617
15.1193
5.37779
1.01437
2.84698
20.2956
17.3656
5.87028
21.9541
29.6324
20.5489
11.64
4.82331
5.74202
5.07522
10.4734
6.83445
5.0107
15.8455
13.4049
27.3432
18.8943
16.845
7.75031
20.4253
3.61804
14.8605
12.4851
8.17041
3.18643
4.22467
29.1185
2.98542
17.4357
27.1629
10.9964
1.01806
12.4671
5.96474
3.40883
1.07343
4.92825
32.6903
9.74923
26.882
14.822
2.68673
17.3627
15.5197
23.8836
1.083
20.0238
2.22441
14.78
28.7545
2.73387
19.3228
13.7481
12.1623
2.79157
6.9276
25.9291
0.980229
36.4553
11.7295
28.277
14.8333
11.2167
3.24668
21.8402
20.8671
3.11766
1.94379
35.9126
3.33268
1.20417
0.530818
6.5827
15.2621
9.58327
32.4247
22.0907
4.93918
10.3936
13.4262
21.4027
28.5135
1.228
4.96026
15.4523
26.472
5.41581
12.1655
14.8494
3.97898
17.2781
32.329
14.6192
29.0624
18.8704
15.645
5.11958
14.5183
19.5042
12.2399
11.6753
12.8336
23.296
41.8364
15.9296
11.0475
15.179
14.4004
10.0196
13.4806
14.4099
13.8915
16.3218
2.43349
11.0274
26.5489
26.3394
8.64098
15.4626
14.3591
25.9721
2.59395
17.6892
26.3403
21.0296
2.82481
14.414
12.022
29.5675
11.9066
9.33902
13.6853
7.59012
7.16517
17.0592
24.9567
22.0517
6.86695
7.22614
27.0162
17.2957
9.72055
15.4224
15.045
12.8289
0.873865
23.4671
18.3533
26.803
0.237
7.86765
0.119633
9.91773
9.60434
0.85679
13.3509
8.2141
5.79255
25.7152
11.2298
10.2048
0.528
1.33229
11.2095
0.0665283
15.0239
1.26563
6.67054
13.2527
1.06558
0.203
34.044
37.9655
14.8887
11.1975
10.3595
11.3751
27.3482
20.2471
3.3257
13.6787
4.87193
3.34944
19.2
5.8858
15.0357
5.64414
12.4277
0.127
12.3975
17.3107
4.60245
0.00405954
0.882749
0.292
11.0973
0.377
6.7196
39.7516
17.7391
1.22865
4.51789
11.764
25.8014
3.49063
15.4099
3.98073
23.6222
10.0405
7.09117
2.63247
9.98619
15.3096
8.73943
11.4268
18.4695
0.158192
18.9502
10.8175
14.7666
20.7525
27.3559
15.9484
25.811
10.7576
7.86578
3.34222
8.18769
0.143655
5.1489
15.0121
30.7953
13.4323
2.63437
25.3193
16.1773
0.286049
19.2497
0.25544
12.1725
0.947197
15.3751
3.51635
11.5005
12.9696
0.127
5.41287
16.616
0.964521
21.237
9.81487
8.34239
20.2726
7.81819
22.3377
1.35565
28.4292
22.128
20.9757
6.21241
3.91566
0.856451
30.2722
16.0846
20.9072
26.873
33.9342
24.1071
11.2514
4.42266
15.891
8.98558
14.5758
11.4462
27.2129
14.8043
14.3997
18.8271
26.4286
9.94259
5.61424
27.7303
13.7649
15.1823
32.4001
11.7838
8.05739
8.33836
11.1748
10.9841
17.6721
10.0232
15.2497
1.05268
12.3898
3.08546
4.78085
0.986401
17.3226
4.13955
19.1765
7.29442
21.3255
0.473246
2.84897
3.93658
17.682
8.69965
10.1665
15.9362
19.6403
4.76705
9.82263
8.07138
19.3852
25.8559
11.3663
21.7774
38.3004
36.3824
30.2931
13.1769
18.4146
12.6724
4.40262
10.0331
15.6777
9.93588
17.9546
22.9368
17.5039
16.0719
2.69612
3.54633
6.5216
14.4598
5.83372
22.1955
1.28377
8.59287
16.2455
15.4953
4.88578
14.4613
29.1258
14.0163
4.52336
1.64936
12.3688
11.19
22.3825
5.46145
24.5519
7.68323
10.9097
4.82996
17.6552
23.9044
36.7986
12.7398
11.0431
11.0934
29.9011
24.7738
13.0901
4.36931
0.215513
3.29104
8.78385
2.43072
1.246
9.86812
0.389383
4.27717
2.35155
4.22927
0.384695
16.4478
2.35114
9.8197
7.3203
1.96722
1.58767
0.105199
0.372795
0.255127
0.343312
0.0539705
0.342451
4.51736
0.309303
0.0316692
0.295646
0.204391
1.03858
0.454755
0.0431323
0.190516
0.597203
0.518333
0.0216305
0.305906
0.370181
0.255301
0.386227
0.543319
0.363508
0.344828
0.263055
0.508665
1.18174
0.0642035
0.238136
1.19952
0.555263
0.226645
0.250107
0.372217
0.0351875
0.0592442
0.204628
0.598494
0.438411
0.330584
0.050363
0.115242
0.448072
0.29976
0.348587
0.176222
0.113023
0.422877
0.631874
1.0414
0.304418
0.32921
0.264532
0.130385
0.429826
0.207418
0.744188
0.376362
0.127937
