1602.27
1602.4
1600.87
1601.04
1601.54
1599.72
1601.32
1601.51
1600.19
1600.94
1598.45
59.1146
59.1444
58.9314
58.9817
59.7858
59.278
59.2596
59.2729
59.2559
59.5592
59.4603
59.2865
58.5656
58.9615
59.6073
58.83
59.4316
59.1396
58.7589
59.9449
58.8504
59.3308
59.229
59.2349
59.5475
58.9595
59.4358
59.219
58.7419
59.9368
59.2656
59.3931
58.7795
58.7799
59.2423
59.3238
59.2448
58.5478
59.3949
59.0308
59.4199
58.7473
58.2938
58.5976
59.2011
59.262
59.08
59.5585
57.9047
59.2378
58.7915
59.027
59.2265
59.438
58.7837
59.5656
59.225
57.3674
59.3269
58.4592
58.3893
58.3739
59.4772
58.7099
58.9043
59.1062
59.2397
58.3684
57.8651
59.1802
59.048
58.5824
59.2768
58.7822
58.8255
58.4998
59.9757
59.2245
58.38
57.2473
58.4252
59.2901
59.1956
58.5908
57.9467
58.4415
58.773
59.4788
58.8976
58.9127
59.4112
58.641
58.088
58.4852
59.4583
58.325
58.3855
59.2422
58.7737
58.8423
58.8691
58.628
58.2372
58.5575
58.254
57.7851
58.6671
58.1735
58.5385
59.3436
59.1995
58.3893
57.2943
58.4501
59.1924
58.5866
60.2397
58.4515
60.3682
58.7402
58.9157
59.218
59.054
59.4442
58.5934
58.6688
58.3278
58.4255
58.9134
59.2192
58.8165
59.3151
58.4163
58.1625
58.6022
58.7173
58.2496
59.7252
59.4741
58.4552
59.2234
58.9551
58.8374
58.0054
58.124
59.0156
58.3848
59.6658
59.1346
58.9038
59.173
58.7908
59.8505
59.3411
58.5202
58.4369
58.925
57.9047
60.1673
59.2172
58.9498
60.6028
58.9848
59.7812
58.8308
58.608
58.9403
58.1335
57.9619
58.9364
58.8717
58.6505
58.4545
59.4782
58.7709
58.1578
58.5436
58.866
59.3378
58.3509
59.4295
59.991
58.2472
58.6741
59.2069
58.8173
58.0329
58.0329
58.9928
60.3524
58.3647
59.0847
58.8478
59.1033
59.2239
58.889
60.0173
58.1667
58.5377
58.4621
58.8279
57.892
58.4012
59.2127
60.2867
58.9452
58.8002
58.6494
60.2017
58.8926
57.9611
59.0302
58.956
58.8342
58.4501
58.7026
59.3306
58.642
58.3209
60.188
59.9529
58.8387
58.6276
60.5739
59.0164
60.3737
58.8349
60.3266
58.4319
60.4583
59.2555
58.2305
58.9014
58.9561
58.84
60.3733
59.0018
57.9534
57.9594
58.0074
57.9268
59.0409
60.1914
58.5579
60.3651
58.8677
59.0698
58.1975
60.2238
58.3543
58.9033
60.4754
60.2235
60.3874
58.1942
60.2861
60.073
60.6152
58.0222
60.0105
60.5515
58.3823
58.939
59.198
58.6745
59.8232
59.1345
59.2188
58.1748
58.4696
58.3531
58.2397
59.0885
60.2848
60.5048
58.6596
59.3126
58.3583
60.3845
59.1169
59.9295
58.7002
59.0377
58.6316
58.7366
59.0091
60.355
60.331
58.465
60.2037
59.2894
58.8494
58.2406
59.0036
58.7501
58.2599
58.3744
60.4467
58.8874
59.0682
59.3177
57.9932
57.9512
60.3323
59.0891
57.9991
57.9948
59.0271
58.7935
58.8696
58.2809
58.661
60.0638
60.2242
60.4441
58.2012
58.6578
60.6381
58.1689
60.0129
60.3178
60.5381
58.383
59.1951
58.6717
60.051
59.1666
57.9616
58.9798
58.3208
58.2482
60.1374
58.9955
58.4963
60.4918
58.6144
59.2961
58.4549
59.2033
60.2769
58.1608
59.1432
58.8937
58.7002
60.2046
58.5122
60.2962
59.2564
58.7577
58.3903
58.2452
58.8867
58.9266
58.4092
58.3518
58.2957
60.0794
58.8136
60.3202
59.2188
58.4526
58.7499
60.3264
58.907
60.2008
58.5412
59.4747
60.5499
59.8845
59.1023
60.2117
58.23
58.8434
60.0443
59.1833
58.237
59.0251
60.6608
60.1225
60.5601
60.1141
60.4733
60.4406
59.2005
58.1297
58.7836
60.3582
58.3417
58.597
60.1316
60.1665
59.2087
58.6955
58.708
58.6966
60.4272
59.3051
60.3933
58.9382
58.6295
58.4749
59.2033
60.2468
58.1717
59.1229
58.8829
58.7024
60.254
58.7345
58.3639
60.4098
58.7584
59.0033
58.3547
58.3073
60.1458
58.8251
60.3512
58.504
58.7238
60.2031
58.5627
59.409
60.4759
58.4536
59.9638
59.0741
58.2542
58.3532
58.7445
58.1796
60.6717
58.3756
60.1238
60.2055
58.3887
60.5013
58.9613
60.4361
58.1059
58.7845
60.3432
58.7375
60.1641
60.1674
59.2035
58.7038
58.8391
59.2563
58.8416
59.0029
60.033
60.3538
60.4278
58.9468
58.8242
60.2191
59.0485
58.8699
58.0156
58.7575
59.0226
60.1449
58.6285
59.1731
58.3056
60.3459
58.3066
60.2283
58.3711
58.9773
57.9626
58.6274
60.0254
58.2501
58.7502
60.316
60.3749
58.9991
58.8871
59.1231
60.0924
58.2138
58.0511
60.3005
59.0219
58.9651
60.0204
58.6458
60.3112
60.4605
58.8843
60.2234
59.0371
58.9531
59.0336
58.3235
60.1435
58.6422
59.0847
58.3816
58.854
58.9593
58.0025
60.8216
58.1971
58.7923
58.9944
58.6252
58.7174
58.1649
58.2118
60.2651
59.0044
60.4529
58.2532
58.434
58.5378
59.1299
58.4568
58.7515
60.4569
60.3798
58.2915
59.4125
58.9623
58.0802
58.307
58.7148
58.5239
58.2913
60.4464
58.4401
58.9509
58.8219
58.3664
60.5671
59.209
58.2061
60.1059
58.3524
58.574
58.235
60.5237
59.5358
58.2526
58.5433
58.5394
58.7805
60.4548
60.3292
58.359
58.5763
60.2292
58.7914
58.3739
59.1482
58.1468
58.3206
58.8146
58.2222
58.4683
59.3968
58.2453
58.2569
60.5483
60.9176
59.0287
59.2327
58.6623
58.6969
58.4113
59.1771
58.8379
58.0061
58.3521
58.9691
58.8807
60.5641
60.4417
59.1237
58.5038
59.1178
59.0154
58.2386
60.5185
58.4466
60.9157
59.0852
60.4583
59.2027
58.4759
58.3905
59.1474
58.8424
58.1272
58.2672
58.8643
58.8774
60.3874
58.5523
59.1335
58.6336
58.1589
59.2514
58.485
58.3353
58.9494
60.6015
58.7288
59.2757
58.3969
58.6265
58.8267
58.6332
58.8372
58.7012
59.0719
58.1483
58.5049
59.0461
58.3252
58.9456
60.5263
58.7292
58.3664
58.5959
58.71
59.0776
59.0583
59.0587
59.0427
59.316
58.8448
59.321
58.8527
1600.6
1599
1603.19
1599.84
1602.15
66.9201
1598.94
1599.84
1602.63
1602.2
1598.44
1600.31
1599.72
1601.05
1601.58
1600.08
1602.56
1599.3
1600.27
1598.36
1600.7
1604.74
1601.97
1601.81
1602.51
1599.33
1601.53
1598.99
1606.55
1601.96
1601.62
1598.81
1602.23
1602.19
1601.84
1600.73
1602.01
1601.94
1599.35
1602
1602.78
1602.78
1600.81
1602.62
1601.68
1600.96
1602.04
1598.52
1601.15
1601.97
1602.2
1602.25
1602.06
1602.22
1599.11
1601.94
1601.86
1601.84
1599.57
