8.28657
33.3138
15.1134
15.3626
20.6413
30.4082
19.0134
33.6374
29.2057
22.5479
6.21595
22.6423
15.5065
24.6991
19.8791
7.06273
24.6961
12.2636
5.61519
15.7098
33.9141
3.92708
23.4413
9.40226
0.629569
20.5693
8.88706
8.2683
26.2876
20.83
10.7457
16.3003
4.92211
13.6575
12.1466
18.1877
25.1818
10.2088
16.053
8.86547
4.86701
5.89781
15.7505
21.6915
14.5995
4.8178
1.23424
15.8443
7.81557
15.0669
7.64696
15.6048
16.0934
20.0753
15.1112
0.0819377
1.80405
2.69983
10.952
12.2628
14.2217
19.9701
13.3403
14.1683
5.91245
7.30942
15.0636
1.03254
14.3856
9.00348
1.36221
0.972767
22.633
12.0832
42.0582
32.3223
13.9776
12.5666
23.1014
33.5563
20.0751
22.9484
17.8736
6.89559
18.1802
12.5252
19.0869
12.0877
13.8214
26.7082
5.08246
19.1946
11.3064
14.7388
21.6976
11.6961
10.1404
7.71922
4.44759
11.6292
13.8587
32.6377
17.7386
16.0868
5.85131
11.6183
2.79148
21.3881
1.61512
2.01456
7.80202
9.53491
13.7887
0.982651
12.6855
5.23104
5.84413
23.943
15.6011
3.5904
13.909
14.3061
7.86279
11.8833
3.53214
10.6615
15.7791
2.7187
10.3158
10.8946
6.91012
7.80956
0.438
8.60895
28.3492
20.7103
6.38161
13.5933
14.8271
35.5633
33.8216
20.1977
22.3152
13.9912
12.9128
15.9783
24.6445
3.56554
28.4272
6.14887
22.491
13.0376
16.9529
15.6799
7.79463
3.39445
1.19005
27.2936
23.6782
4.78971
29.7062
13.471
30.0422
30.1677
11.9993
35.9828
22.3791
23.1211
11.1616
7.69829
25.3991
11.2386
35.0416
12.2545
36.3598
31.0438
23.3302
23.7978
20.7689
2.44144
18.9587
20.16
15.5188
38.4001
9.39504
25.6272
15.3292
22.6934
16.0897
0.127
11.6507
4.96685
15.7375
16.7565
10.0206
5.52345
17.1902
3.07561
43.8567
14.3701
19.0271
11.1375
10.3491
16.4812
18.4267
14.6379
16.4113
9.60103
13.1135
26.2026
9.30083
0.360185
3.99682
4.38187
24.6438
3.18612
19.2796
15.451
4.09926
3.8206
17.2524
14.5748
1.118
10.1294
3.72896
26.7102
16.1189
17.986
5.53547
5.36934
12.6208
3.47415
8.31854
3.36619
7.47294
13.2732
7.85047
2.98207
13.246
2.3218
5.52111
6.92238
12.7627
0.527279
6.16978
24.4576
39.4055
28.0577
7.78225
12.4312
11.4595
23.8837
18.5246
20.6726
17.4042
27.5633
6.59672
14.7969
19.0751
22.1363
20.7421
20.9853
3.8804
18.4494
12.2026
18.4786
14.2215
22.4613
12.0772
1.41
8.40789
0.438
10.019
14.7717
15.8414
12.5561
15.6504
31.9493
3.08363
9.72655
12.9963
1.35069
40.7333
1.884
11.4315
13.7472
8.54658
2.1288
18.1611
5.39812
13.9471
5.15253
0.465
3.95605
0.239489
17.7994
15.1494
7.14239
2.42071
7.15292
