11.0651
2.45854
2.35513
2.3077
2.5268
2.31592
2.37465
2.48532
2.39156
2.55439
2.35541
2.42522
2.32613
2.46504
2.27584
1.96087
2.29102
3.00744
2.05754
2.61077
2.39228
2.31793
2.28469
2.03191
2.13665
1.95639
2.17013
2.32916
3.00466
2.10933
2.66493
2.68685
2.44079
2.19717
3.12368
2.05147
2.23625
2.75365
2.76295
2.18427
2.15312
2.35417
2.3143
3.10569
2.16537
2.32743
3.0071
2.10894
2.65051
2.40432
2.43335
1.95072
2.34906
2.10358
2.70704
2.17602
2.14791
2.39458
2.33812
2.17165
2.59838
2.89456
2.49638
3.04222
2.68337
3.0723
2.85036
2.5979
2.51005
3.03037
2.63854
2.9201
7.67857
7.9247
7.92738
7.57182
7.8283
7.63383
8.22179
7.65486
8.00856
7.92706
7.53044
8.15547
7.93013
8.22973
7.1884
7.59858
8.18611
8.1147
8.01616
7.98265
7.26746
8.20858
7.61162
7.89059
8.08507
7.21385
8.10925
7.62422
7.82509
8.00711
7.80511
7.89647
8.17379
7.28005
7.72206
8.37556
8.06141
7.17981
7.64172
7.85468
8.02541
7.33944
7.93646
8.1018
8.13044
7.45694
7.72712
8.05836
7.33039
7.84282
7.05955
7.23633
8.08964
7.32622
7.30491
8.06043
7.26804
8.28875
7.50523
8.09686
7.51227
51.6696
51.4815
51.3714
51.2697
51.418
51.5092
51.746
51.6439
51.3196
51.6347
51.2671
51.4864
51.3483
51.9089
51.2716
51.6273
51.8408
51.6939
51.1442
51.4992
51.1388
51.9017
51.6117
51.4783
125.741
125.815
125.792
126.131
126.443
126.443
126.182
126.055
125.767
126.105
125.702
125.738
126.05
125.464
125.721
126.038
126.044
126.067
125.38
125.843
125.823
125.334
126.166
125.7
125.46
126.014
125.632
126.101
125.466
125.814
125.972
125.705
125.716
125.552
126.027
125.89
126.174
126.081
125.603
125.726
125.546
125.199
126.136
125.552
125.707
125.701
126.336
126.345
126.359
126.185
125.638
125.679
125.719
125.888
125.309
126.175
126.063
125.509
125.575
126.107
125.58
125.843
126.172
125.576
126.127
125.653
125.672
125.308
125.921
125.492
125.941
126.424
125.763
126.275
125.874
126.06
125.65
125.632
125.202
125.678
125.307
125.903
126.439
125.79
125.833
125.916
125.65
125.791
126.014
17.089
16.4418
15.6536
16.9528
16.8551
15.6903
16.745
16.6564
16.3148
16.0536
15.8486
16.3867
16.4347
16.6812
16.6312
16.582
15.6453
16.6217
16.2931
16.2498
16.3652
15.7318
16.5387
16.6756
16.2169
15.6488
16.454
15.8054
16.0227
15.8929
16.2216
15.9143
16.6055
16.5002
16.3935
15.8873
15.7869
16.587
15.9054
16.7244
15.982
16.7129
15.8829
15.8855
15.6673
16.0247
16.7144
15.8663
15.9153
15.6269
15.6604
15.7896
15.6231
103.643
